# M_g T_evap x_NL x_cl x_D x_PBH x_eq   (x = k/k_eva)
1.000000000000000000e+00 2.758144617458995438e+10 1.588512996936182731e+02 6.703465742359280739e+02 2.128735377498375783e+03 4.987903638412745750e+03 3.403510254547882141e+01
1.746640251994015625e+00 1.195024012637161446e+10 1.922988074505114753e+02 8.163071229873754646e+02 3.234013873415085072e+03 7.234230543163887887e+03 3.793390003727436266e+01
3.050752169885718512e+00 5.177549460672183037e+09 2.331183973159743061e+02 9.954442071925724349e+02 4.913240990601942030e+03 1.049216695954988245e+04 4.227917313666732468e+01
5.328566538780481920e+00 2.243169351663298607e+09 2.830106362518341712e+02 1.215600166044327125e+03 7.464473204120573428e+03 1.521727843997555465e+04 4.712207664872573076e+01
9.307088802062418509e+00 9.718334300757946968e+08 3.440805282559622924e+02 1.486531371216703292e+03 1.134055417264285097e+04 2.207028864829587474e+04 5.251962168586111090e+01
1.625613593056498374e+01 4.210319394023650885e+08 4.189531308668805991e+02 1.820387382858990804e+03 1.722949995804851642e+04 3.200946968281641966e+04 5.853534693709806902e+01
2.839362135821100352e+01 1.824033867089533508e+08 5.108747562992335816e+02 2.232308884881961148e+03 2.617663068742044561e+04 4.642463919554129097e+04 6.524006674548245144e+01
4.959344196412832417e+01 7.902170440229016542e+07 6.238822706177548980e+02 2.741179333999933988e+03 3.977012887468091503e+04 6.733150139438669430e+04 7.271270480131985892e+01
8.662190196947567244e+01 3.423389708863893151e+07 7.630479199512003561e+02 3.370563061367790397e+03 6.042296383563730342e+04 9.765350702161178924e+04 8.104122326711751612e+01
1.512973006841659753e+02 1.483075999663006328e+07 9.346139341095963573e+02 4.149892022088421072e+03 9.180122811308315431e+04 1.416306453562025854e+05 9.032365827352951726e+01
2.642619553930057918e+02 6.424926049367387779e+06 1.146453859878002277e+03 5.115940230464721026e+03 1.394749222482146870e+05 2.054123304481692612e+05 1.006692739776130168e+02
4.615705683600711495e+02 2.783370129851121455e+06 1.408337197209483065e+03 6.314673616970693729e+03 2.119067123004554596e+05 2.979172860594593221e+05 1.121998487701071241e+02
8.061977338334560272e+02 1.205791597879277309e+06 1.732472082338555310e+03 7.803586660329143342e+03 3.219541799847923685e+05 4.320806687523871078e+05 1.250511087737262841e+02
1.408137412979870987e+03 5.223628695684395498e+05 2.134134054225558430e+03 9.654626228376944709e+03 4.891522383066756884e+05 6.266628168555460870e+05 1.393743255079474466e+02
2.459509485849363955e+03 2.262931129063451663e+05 2.632424817020199043e+03 1.195782524526066118e+04 7.431808772287640022e+05 9.088725463133022422e+05 1.553380965279060604e+02
4.295878268145602306e+03 9.803238283638433495e+04 3.251253227433411212e+03 1.482593786735100002e+04 1.129133818658195902e+06 1.318171814154085470e+06 1.731303299985412423e+02
7.503353900809453080e+03 4.246851958429970546e+04 4.020517320020953321e+03 1.840014647727493866e+04 1.715523349842076423e+06 1.911793763323100749e+06 1.929604565654101407e+02
1.310565994811009477e+04 1.839772625286300899e+04 4.977633090638329122e+03 2.285733558548940709e+04 2.606442319095239509e+06 2.772745748187583871e+06 2.150618945588774977e+02
2.289087319431492506e+04 7.970044616468439017e+03 6.169471751088656674e+03 2.841913386759128480e+04 3.960042239720647689e+06 4.021416419868577737e+06 2.396947975501743429e+02
3.998212052448125178e+04 3.452685374696790404e+03 7.654787324909993004e+03 3.536330066864566470e+04 6.016607656931002624e+06 5.832409913488020189e+06 2.671491166011990686e+02
6.983438106813500053e+04 1.495729217345746747e+03 9.507147722409777998e+03 4.403800264328861522e+04 9.141210420858729631e+06 8.458961095594787970e+06 2.977480132540298428e+02
1.219755409466935962e+05 6.509659706689991481e+02 1.181872601846351427e+04 5.487966056764192763e+04 1.379245221190827340e+07 1.226834590492685512e+07 3.318516634345256762e+02
2.130473895762391330e+05 2.846000604754030405e+02 1.470505887000589610e+04 6.843553567295735411e+04 2.066912055274167657e+07 1.779323828568381444e+07 3.698614970457031177e+02
3.721171462161092786e+05 1.244690405012800341e+02 1.831097315009517843e+04 8.539183629988074244e+04 3.095835552306654677e+07 2.580619505659041554e+07 4.122249231549525348e+02
6.499547860382000217e+05 5.443742767537910510e+01 2.281803717805922861e+04 1.066090741355510108e+05 4.399713356905973703e+07 3.742768408481339365e+07 4.594405963949563443e+02
1.135237191270477371e+06 2.381438416370519207e+01 2.845391041896695970e+04 1.331666065439079539e+05 3.410873386970774829e+07 5.428276156158152223e+07 5.120642865686810410e+02
1.982850973833643831e+06 1.042201684982872045e+01 3.550407569627604244e+04 1.664181452501244494e+05 1.093589853753140010e+07 7.872830687810504436e+07 5.707154205490116965e+02
3.463327324603372719e+06 4.565302418615298841e+00 4.432693614706011431e+04 2.080618195410944463e+05 3.083169119880052749e+06 1.141825898115613759e+08 6.360843734770576248e+02
6.049186910983003676e+06 2.000877411106688708e+00 5.537164490106005542e+04 2.602279150398575293e+05 8.640495725669468520e+05 1.656032540636661053e+08 7.089405950830303027e+02
1.056575335055824742e+07 8.802436129235611251e-01 6.920128877248070785e+04 3.255888429802352912e+05 2.407423730379796471e+05 2.401805545514563620e+08 7.901416667836815577e+02
1.845457009472566098e+07 3.949880261974487716e-01 8.652249648577257176e+04 4.074975281892479397e+05 6.511265004373077682e+04 3.483427852150614858e+08 8.806433961663560694e+02
3.223349496069289744e+07 1.966824073751879121e-01 1.082217228626126307e+05 5.101605722432862967e+05 1.471974131517975366e+04 5.052144883351669908e+08 9.815110676806039010e+02
5.630031976079243422e+07 1.025004691064324153e-01 1.354110728947948082e+05 6.388560743239097064e+05 3.253086008457492426e+03 7.327313497021217346e+08 1.093931981967886031e+03
9.833640469433408976e+07 4.618062490139868137e-02 1.694872710138320690e+05 8.002067457011087099e+05 8.751915046583526419e+02 1.062707509682153821e+09 1.219229431428277394e+03
1.717583226754970849e+08 2.083002905867313917e-02 2.122003034976756899e+05 1.002522632305427454e+06 2.348761090850231881e+02 1.541284198456772327e+09 1.358878276528846527e+03
3.000000000000000000e+08 9.430170522212948103e-03 2.657465482502973173e+05 1.256231165347033180e+06 6.268822475262500404e+01 2.235381757049005985e+09 1.514522306200488174e+03
