# beta LIN-UV NL-A NL-B LIN-NL NL-A+F NL-B+F
1.457369290888046470e-09 1.728671925889466182e-05 1.514331277969898367e-05 1.514055270270121547e-05 6.323045810741281954e-06 1.387116278963869236e-05 1.386758695356742950e-05
5.322926990881757135e-09 6.258934478861602133e-04 2.425777308496612588e-04 2.425521372742032533e-04 1.377518324911707050e-05 1.916645944599385226e-04 1.916236096921526721e-04
1.944157320138981489e-08 2.017860732108158264e-02 1.691773729531942817e-03 1.820902279415529236e-03 2.976251020398905318e-05 1.130772973162360749e-03 1.185978023101848635e-03
7.100882074702025295e-08 6.395034782711223054e-01 4.613717039465097675e-03 1.199889086676471893e-02 6.347757890587548248e-05 2.732648925583440035e-03 4.245305226637943220e-03
2.593541464803881792e-07 2.022946548372067355e+01 1.024916750159815190e-02 9.043353358225007799e-02 1.315454101025870638e-04 5.263883091617992289e-03 1.061942208292840362e-02
9.472706712904173528e-07 6.395478674268841814e+02 2.127464841445657340e-02 6.445531986178817396e-01 2.306103737989922639e-04 9.362005374052979195e-03 2.150192435840342711e-02
3.459831804751390286e-06 2.019773701347283713e+04 3.843456801813535662e-02 3.244398261485518464e+00 2.831142140189200993e-04 1.501803815569861637e-02 3.758388464490643177e-02
1.263676421108080923e-05 6.362983645825670101e+05 5.619588316630236280e-02 8.313743717713920844e+00 2.809661820202878461e-04 2.151997252550926637e-02 5.465986553611086596e-02
4.615478981005772011e-05 1.993004085942962393e+07 7.030506859661948826e-02 1.260322200237614076e+01 2.752358132254812350e-04 2.865216984588371887e-02 6.831056413451667975e-02
1.685767485115091018e-04 6.159422431898375750e+08 8.032843598321681711e-02 1.546168845101347955e+01 2.682172611641854489e-04 3.525402996171214665e-02 7.843502689201568845e-02
6.157133475347309655e-04 1.846636894798144531e+10 8.643189153299463134e-02 1.637510786045461231e+01 2.661985847511001767e-04 3.982849813496049801e-02 8.421875004408356513e-02
2.248844693469354700e-03 5.179955578786777954e+11 8.959560124959801974e-02 1.719522528120588234e+01 2.679925237842929481e-04 4.233163314534531957e-02 8.756561686937536226e-02
8.213728800251491810e-03 1.265444482842664062e+13 9.106901814945535245e-02 1.724103181743293334e+01 2.673748733545825199e-04 4.352440685381030877e-02 8.888041875757357602e-02
2.999999999999999889e-02 2.371147159293775938e+14 9.171900778435125579e-02 1.725913677177302930e+01 2.664255631991358040e-04 4.405540491995003222e-02 8.945919987795013240e-02
