T [GeV]    ours k_D/aH    2503.13670    ours/theirs
    0.004     1.732e+01     1.188e+01        1.458
     0.01     6.846e+01     4.694e+01        1.458
    0.045     8.388e+02     4.870e+02        1.722
      0.3     4.027e+04     1.180e+04        3.413
        1     2.961e+05     7.648e+04        3.871
       10     1.027e+07     2.498e+06        4.111
       30     4.150e+07     1.316e+07        3.154
       79     3.819e+07     5.687e+07        0.672
      100     3.445e+07     1.816e+08        0.190
    1e+03     1.118e+07     5.893e+07        0.190
    3e+04     2.041e+06     1.076e+07        0.190
    1e+05     1.118e+06     5.893e+06        0.190
    3e+07     6.455e+04     3.402e+05        0.190
    3e+10     2.041e+03     1.076e+04        0.190
