# M_g T_evap x_NL x_cl x_D x_PBH x_eq   (x = k/k_eva)
1.000000000000000000e+00 2.758144617458995438e+10 1.588512996936182731e+02 6.703465742359280739e+02 2.128735377498375783e+03 4.987903638412745750e+03 3.403510254547882141e+01
1.067459916529388320e+00 2.500909365414184189e+10 1.624326236170280424e+02 6.859345192773806730e+02 2.235533684958782032e+03 5.209785200409619392e+03 3.446994434021754472e+01
1.139470673396928646e+00 2.267663853565665817e+10 1.660973992741368761e+02 7.018986166652703105e+02 2.347690572018320381e+03 5.441536602700984076e+03 3.491033971531119562e+01
1.216339269911971277e+00 2.056170916160824966e+10 1.698478738113529403e+02 7.182479248200155553e+02 2.465474918010063902e+03 5.683596877916642370e+03 3.535635964728424341e+01
1.298393415531649886e+00 1.864402001446436691e+10 1.736883808736678816e+02 7.349919039562032594e+02 2.589169094268048411e+03 5.936424587833332225e+03 3.580807601864906076e+01
1.385982926965722450e+00 1.690517720059986305e+10 1.776186858545782457e+02 7.521411294219518595e+02 2.719069641146106733e+03 6.200498692074539576e+03 3.626556162949428597e+01
1.479481219529987346e+00 1.532850206961834526e+10 1.816409712877260461e+02 7.697043927668846663e+02 2.855487979009210903e+03 6.476319455451957765e+03 3.672889020922087866e+01
1.579286899106277620e+00 1.389887127844461060e+10 1.857574749778460443e+02 7.876940056896997930e+02 2.998751154902075086e+03 6.764409395667538774e+03 3.719813642842801471e+01
1.685825461495943589e+00 1.260257176713565826e+10 1.899704914499662323e+02 8.061188115741284719e+02 3.149202626685271753e+03 7.065314273171405148e+03 3.767337591095028415e+01
1.799551106411577672e+00 1.142716925625652695e+10 1.942823734373118612e+02 8.249905584839109451e+02 3.307203086519005410e+03 7.379604125050883340e+03 3.815468524604878553e+01
1.920948673840471077e+00 1.036138900524873734e+10 1.986972989618887482e+02 8.443206667878295093e+02 3.473131325668939098e+03 7.707874344909158026e+03 3.864214200075738859e+01
2.050535711034988218e+00 9.395007688722791672e+09 2.032172718628813755e+02 8.641195473687937465e+02 3.647385142707677460e+03 8.050746810779368388e+03 3.913582473238663795e+01
2.188864678941938369e+00 8.518755354159598351e+09 2.078436706226657975e+02 8.844005864596398396e+02 3.830382297289427697e+03 8.408871063210803186e+03 3.963581300118713813e+01
2.336525307477487878e+00 7.724226521126912117e+09 2.125791001824859734e+02 9.051747325292626556e+02 4.022561511784717823e+03 8.782925535758982733e+03 4.014218738317437385e+01
2.494147109688721997e+00 7.003799569733454704e+09 2.174262318077484508e+02 9.264539906643746008e+02 4.224383523176779818e+03 9.173618840210714552e+03 4.065502948311728204e+01
2.662402065520338645e+00 6.350563645493098259e+09 2.223878048312008673e+02 9.482529845946587557e+02 4.436332187741699272e+03 9.581691108978709963e+03 4.117442194769232344e+01
2.842007486628011392e+00 5.758252379816084862e+09 2.274666284426787115e+02 9.705830163428709056e+02 4.658915641161011081e+03 1.000791539720899527e+04 4.170044847880557626e+01
3.033729074451833707e+00 5.221183790673546791e+09 2.326668052026541602e+02 9.934573910197560735e+02 4.892667516848349806e+03 1.045309914725712588e+04 4.223319384708464241e+01
3.238384184587133063e+00 4.734205787221575737e+09 2.379922088032227521e+02 1.016891575757904661e+03 5.138148225411288877e+03 1.091808571830753681e+04 4.277274390554268990e+01
3.456845311369471929e+00 4.292646755889081001e+09 2.434438747356980741e+02 1.040898222595549896e+03 5.395946298316135653e+03 1.140375598403378353e+04 4.331918560341690494e+01
3.690043807529464370e+00 3.892270754144474030e+09 2.490249142529063988e+02 1.065491567249693389e+03 5.666679798977372229e+03 1.191103000132622765e+04 4.387260700018337900e+01
3.938973854775187800e+00 3.529236882326387882e+09 2.547385182122762615e+02 1.090687437516805858e+03 5.950997804655085929e+03 1.244086875324847460e+04 4.443309727975108814e+01
4.204696702229764327e+00 3.200062443976450443e+09 2.605879591725117166e+02 1.116501024678099384e+03 6.249581962713535177e+03 1.299427596952432759e+04 4.500074676483658465e+01
4.488345190793578965e+00 2.901589541431225300e+09 2.665765935462925427e+02 1.142947040401105824e+03 6.563148124972231926e+03 1.357230002800405782e+04 4.557564693152242796e+01
4.791128582719594853e+00 2.630954786363910198e+09 2.727078638104977699e+02 1.170041518524930098e+03 6.892448064068272288e+03 1.417603594071214866e+04 4.615789042400132303e+01
5.114337716991424365e+00 2.385561834829827785e+09 2.789860596276637921e+02 1.197802310977995603e+03 7.238271275945159687e+03 1.480662742823879489e+04 4.674757106950828245e+01
5.459350512482768814e+00 2.163056483449098110e+09 2.854170128822307220e+02 1.226245339074173444e+03 7.601446872789953886e+03 1.546526908640496185e+04 4.734478389344349836e+01
5.827637842359528975e+00 1.961304087914982319e+09 2.920016250353546639e+02 1.255387491177623815e+03 7.982845570957430027e+03 1.615320864930551579e+04 4.794962513468802712e+01
6.220769804768607081e+00 1.778369087282175303e+09 2.987437099251158088e+02 1.285246534655556616e+03 8.383381778647659303e+03 1.687174935301750156e+04 4.856219226111514331e+01
6.640422416546837070e+00 1.612496437679484606e+09 3.056471794734127911e+02 1.315841491059397413e+03 8.804015788342634551e+03 1.762225240445153031e+04 4.918258398529964381e+01
7.088384758486964365e+00 1.462094777399157286e+09 3.127160462751601244e+02 1.347191201547113906e+03 9.245756079258675527e+03 1.840613956002292252e+04 4.981090028042729045e+01
7.566566602622684989e+00 1.325721161916080952e+09 3.199544262566845418e+02 1.379313934181488094e+03 9.709661735335281264e+03 1.922489581902810824e+04 5.044724239640790842e+01
8.077006554049667386e+00 1.202067222443494081e+09 3.273665414051926064e+02 1.412229379495741341e+03 1.019684498455787434e+04 2.008007223682816402e+04 5.109171287619339097e+01
8.621880741993178887e+00 1.089946615281589746e+09 3.349567225711960532e+02 1.445957741385990175e+03 1.070847386570315939e+04 2.097328886316925491e+04 5.174441557230483113e+01
9.203512097174380457e+00 9.882836415928013325e+08 3.427294123458690933e+02 1.480520163146989489e+03 1.124577502890087089e+04 2.190623781120580315e+04 5.240545566356987450e+01
9.824380255026978759e+00 8.961029284607300758e+08 3.506924008006088229e+02 1.515938616998915450e+03 1.181003667672701158e+04 2.288068646304080903e+04 5.307493967207417995e+01
1.048713212698407027e+01 8.125200722666522264e+08 3.588481816586126456e+02 1.552233805105308875e+03 1.240261165288032316e+04 2.389848081785562317e+04 5.375297548032887107e+01
1.119459318490308064e+01 7.367331546455562115e+08 3.672006680609553086e+02 1.589428121311919085e+03 1.302492068584769731e+04 2.496154898897207022e+04 5.443967234865770166e+01
1.194977950673709977e+01 6.680150496513521671e+08 3.757547836798383400e+02 1.627544544154117830e+03 1.367845579533580167e+04 2.607190485647144305e+04 5.513514093280545580e+01
1.275591063480617926e+01 6.057064483483358622e+08 3.845155795523219240e+02 1.666606652301168197e+03 1.436478386963662160e+04 2.723165188229037085e+04 5.583949330177175341e+01
1.361642330148654523e+01 5.492095339260746241e+08 3.934882374510801242e+02 1.706638640410956214e+03 1.508555042250416227e+04 2.844298709502031488e+04 5.655284295587203047e+01
1.453498608083364374e+01 4.979822466733884215e+08 4.026780733453024936e+02 1.747665637548461746e+03 1.584248353855030291e+04 2.970820525196007657e+04 5.727530484502955943e+01
1.551551502860250054e+01 4.515330838039858937e+08 4.120905409541538802e+02 1.789713679660730122e+03 1.663739801661960155e+04 3.102970318630535985e+04 5.800699538730049198e+01
1.656219037734249255e+01 4.094163842557151914e+08 4.217312353952999047e+02 1.832808009269036575e+03 1.747219972107756257e+04 3.240998434771125540e+04 5.874803248763587504e+01
1.767947435774185294e+01 3.712280532365262508e+08 4.316058969310151952e+02 1.876975448438358626e+03 1.834889015144544828e+04 3.385166354482870520e+04 5.949853555688284956e+01
1.887213022219857805e+01 3.366016855076768994e+08 4.417204148145233376e+02 1.922243520891146318e+03 1.926957124133822799e+04 3.535747189879976213e+04 6.025862553102848551e+01
2.014524255171984990e+01 3.052050502189192176e+08 4.520833885218985984e+02 1.968640470559989808e+03 2.023645039821208775e+04 3.693026201709521411e+04 6.102842489068963516e+01
2.150423893272314757e+01 2.767369035780118108e+08 4.627006941612371520e+02 2.016195280633618268e+03 2.125184579600514553e+04 3.857301339749587351e+04 6.180805768085111396e+01
2.295491309615266928e+01 2.509240987811586559e+08 4.735766345913356190e+02 2.064937693109475731e+03 2.231819193336169701e+04 4.028883807245521166e+04 6.259764953085634431e+01
2.450344961755849127e+01 2.275189654820701182e+08 4.847177391225222323e+02 2.114898228866308273e+03 2.343804547076675590e+04 4.208098650453547452e+04 6.339732767465292795e+01
2.615645028344105327e+01 2.062969336625497639e+08 4.961307069140374892e+02 2.166108208270704381e+03 2.461409136058658260e+04 4.395285374408603093e+04 6.420722097129686290e+01
2.792096223626709417e+01 1.870543791116685271e+08 5.078224114801340079e+02 2.218599772331805980e+03 2.584914928471331586e+04 4.590798586082888505e+04 6.502745992571853151e+01
2.980450801814587081e+01 1.696066698461578190e+08 5.197999053167665124e+02 2.272405904418862519e+03 2.714618041524901491e+04 4.795008666153540253e+04 6.585817670975396254e+01
3.181511764124947206e+01 1.537863947320031226e+08 5.320704246521215737e+02 2.327560452556608652e+03 2.850829451443926519e+04 5.008302470652008924e+04 6.669950518344421653e+01
3.396136282170082410e+01 1.394417573148534298e+08 5.446413943243093172e+02 2.384098152313920309e+03 2.993875739087991315e+04 5.231084063824377517e+04 6.755158091660743480e+01
3.625239352287702843e+01 1.264351194515243024e+08 5.575204327896260565e+02 2.442054650301594847e+03 3.144099872987444178e+04 5.463775483590912336e+04 6.841454121068566963e+01
3.869797696392085129e+01 1.146416807717599124e+08 5.707153572648911677e+02 2.501466528295484750e+03 3.301862031671703153e+04 5.706817541054966568e+04 6.928852512087105708e+01
4.130853925976315821e+01 1.039482813023172021e+08 5.842341890074650337e+02 2.562371328001703205e+03 3.467540467261799495e+04 5.960670655575799174e+04 7.017367347851441650e+01
4.409520987017773308e+01 9.425231576683045924e+07 5.980851587366265676e+02 2.624807576481082833e+03 3.641532412397815642e+04 6.225815726987300150e+04 7.107012891382004227e+01
4.706986904736577770e+01 8.546074914614394307e+07 6.122767122001264397e+02 2.688814812250374871e+03 3.824255032675748225e+04 6.502755046614947059e+04 7.197803587883028342e+01
5.024519848435030411e+01 7.748922405513101816e+07 6.268198508043723223e+02 2.754433612078429178e+03 4.016146426877413614e+04 6.792013248816765554e+04 7.289754067070353472e+01
5.363473538010711650e+01 7.026125137276384234e+07 6.417241831798772864e+02 2.821705618495728686e+03 4.217666677391722624e+04 7.094138304851019348e+04 7.382879145528971776e+01
5.725293015192499269e+01 6.370747636081770062e+07 6.569959633909525110e+02 2.890673568036473171e+03 4.429298953345829068e+04 7.409702560953288048e+04 7.477193829100667699e+01
6.111520804103674465e+01 5.776501323072861880e+07 6.726445588851180446e+02 2.961381320232720100e+03 4.651550669091178133e+04 7.739303822589507035e+04 7.572713315302135584e+01
6.523803487416127211e+01 5.237684177473155409e+07 6.886795822879446405e+02 3.033873887380614633e+03 4.884954700822153973e+04 8.083566486939042807e+04 7.669452995774011583e+01
6.963898726131351680e+01 4.749126027278281748e+07 7.051108979250508355e+02 3.108197465099440251e+03 5.130070664244368527e+04 8.443142725753062405e+04 7.767428458761136767e+01
7.433682752915285619e+01 4.306138942661830783e+07 7.219486285188235115e+02 3.184399463704550271e+03 5.387486256356111699e+04 8.818713720829124213e+04 7.866655491624551644e+01
7.935158370932906280e+01 3.904472256180725992e+07 7.392031620645485646e+02 3.262528540416004944e+03 5.657818664560095931e+04 9.210990954442384827e+04 7.967150083385523374e+01
8.470463492283516871e+01 3.540271778251375258e+07 7.568851588907813266e+02 3.342634632425146719e+03 5.941716046484127583e+04 9.620717557178025891e+04 8.068928427302063255e+01
9.041880252438191690e+01 3.210042816613962501e+07 7.750055589088926808e+02 3.424768990842081621e+03 6.239859084058933513e+04 1.004866971571835602e+05 8.172006923478404872e+01
9.651844739536396389e+01 2.910616644995092228e+07 7.935755890568726727e+02 3.508984215547660369e+03 6.552962615579226258e+04 1.049565814325127430e+05 8.276402181507728528e+01
1.030295738002014048e+02 2.639120099268205464e+07 8.126067709426239389e+02 3.595335369133636505e+03 6.881777349661319749e+04 1.096252961528585001e+05 8.382131023148696158e+01
1.099799402488214355e+02 2.392948009414803609e+07 8.321109286920805062e+02 3.683878059259865950e+03 7.227091665206766629e+04 1.145016857378435525e+05 8.489210485036142018e+01
1.173991778379140243e+02 2.169738202794702724e+07 8.521001970076848693e+02 3.774668112277987802e+03 7.589733501687851094e+04 1.195949880264969834e+05 8.597657821426416547e+01
1.253189165754785108e+02 1.967348838901699707e+07 8.725870294428279976e+02 3.867763902032542319e+03 7.970572344287170563e+04 1.249148517774213105e+05 8.707490506977720202e+01
1.337729202272136604e+02 1.783837858148366958e+07 8.935842068981266948e+02 3.963225340239794150e+03 8.370521308651224535e+04 1.304713549474078027e+05 8.818726239566059633e+01
1.427972302596339773e+02 1.617444347505261935e+07 9.151048463454053490e+02 4.061113917309768567e+03 8.790539330256427638e+04 1.362750237831226259e+05 8.931382943137029429e+01
1.524303194935767181e+02 1.466571644209574908e+07 9.371624097855973332e+02 4.161492744256448532e+03 9.231633463637190289e+04 1.423368527620359382e+05 9.045478770594148443e+01
1.627132561231613579e+02 1.329772015433172137e+07 9.597707134467656260e+02 4.264426960412091830e+03 9.694861296988731192e+04 1.486683254203662218e+05 9.161032106723997970e+01
1.736898787994547888e+02 1.205732766919515282e+07 9.829439372287700962e+02 4.369986134992272127e+03 1.018133348793428886e+05 1.552814361074986227e+05 9.278061571158785625e+01
1.854069835252657583e+02 1.093263647308515385e+07 1.006700747866621668e+03 4.478235371651428977e+03 1.069221642653655726e+05 1.621887127080871724e+05 9.396586021376656106e+01
1.979145231578458208e+02 9.912854272992141545e+06 1.031053794080566377e+03 4.589244719982367315e+03 1.122873503193858633e+05 1.694032403748872748e+05 9.516624555740429514e+01
2.112658203700277681e+02 8.988195440717346966e+06 1.056016737240085604e+03 4.703086077598318298e+03 1.179217568933961302e+05 1.769386863172773446e+05 9.638196516575082740e+01
2.255177949777025788e+02 8.149787116102233529e+06 1.081605312614869490e+03 4.819833239226090882e+03 1.238388933434776263e+05 1.848093256924283050e+05 9.761321493284566486e+01
2.407312066027900528e+02 7.389584068355473690e+06 1.107835670248312454e+03 4.939564645523542822e+03 1.300529469210495445e+05 1.930300686481694866e+05 9.886019325508387112e+01
2.569709137062331479e+02 6.700291498592750169e+06 1.134724386025141939e+03 5.062358043257223471e+03 1.365788167895062361e+05 2.016164885687826318e+05 1.001231010631859704e+02
2.743061500953362497e+02 6.075295042895679362e+06 1.162288473035933066e+03 5.188290922709965344e+03 1.434321497478014790e+05 2.105848515772300889e+05 1.014021418545753335e+02
2.928108200842654583e+02 5.508597304280197248e+06 1.190545393246458843e+03 5.317445201888902375e+03 1.506293777466367465e+05 2.199521473497074039e+05 1.026975217261692421e+02
3.125638135660517491e+02 4.994760304606249556e+06 1.219513069480134163e+03 5.449904962324766529e+03 1.581877572872043529e+05 2.297361213008967752e+05 1.040094494075890879e+02
3.336493423393248463e+02 4.528853304259405471e+06 1.249209897721889092e+03 5.585762028065272716e+03 1.661254107969532779e+05 2.399553082008913334e+05 1.053381362947950208e+02
3.561572991236209305e+02 4.106405488936299924e+06 1.279654759752225345e+03 5.725100901543551117e+03 1.744613700815823104e+05 2.506290672874751035e+05 1.066837964841492834e+02
3.801836407938331490e+02 3.723363069563590456e+06 1.310867036120190505e+03 5.868011542495776666e+03 1.832156219574469433e+05 2.617776189402735617e+05 1.080466468069152057e+02
4.058307974676239951e+02 3.376050383722585160e+06 1.342866619464515907e+03 6.014587297174452942e+03 1.924091561737924058e+05 2.734220829862539540e+05 1.094269068641972353e+02
4.332081091898449472e+02 3.061134625344831496e+06 1.375673928192216408e+03 6.164929593449526692e+03 2.020640157397158910e+05 2.855845187091383850e+05 1.108247990623264769e+02
4.624322920756459894e+02 2.775593864256292116e+06 1.409309920524252902e+03 6.319133874327295416e+03 2.122033497765261563e+05 2.982879666385228629e+05 1.122405486486985069e+02
4.936279358995627149e+02 2.516688048712912016e+06 1.443796108918170830e+03 6.477298922950811175e+03 2.228514690222264908e+05 3.115564921978732455e+05 1.136743837480697294e+02
5.269280352519214148e+02 2.281932712691856083e+06 1.479154574877818504e+03 6.639528378871757013e+03 2.340339041212009324e+05 3.254152312940738047e+05 1.151265353993154577e+02
5.624745565270105772e+02 2.069075135654161917e+06 1.515407984160577598e+03 6.805937652655286911e+03 2.457774668388688006e+05 3.398904379349082592e+05 1.165972375926599369e+02
6.004190431602272611e+02 1.876072726026026998e+06 1.552579602392786455e+03 6.976627795087289087e+03 2.581103143480788276e+05 3.550095339646658977e+05 1.180867273073799026e+02
6.409232616944713072e+02 1.701073420982190873e+06 1.590693311104319946e+03 7.151710628938489208e+03 2.710620167413829477e+05 3.708011610121000558e+05 1.195952445499908094e+02
6.841598914301235936e+02 1.542397914461329114e+06 1.629773624193655451e+03 7.331306664419816116e+03 2.846636279310657992e+05 3.872952347491474357e+05 1.211230323929205213e+02
7.303132605987550505e+02 1.398523542885280214e+06 1.669845704834927801e+03 7.515534237179957017e+03 2.989477601069233497e+05 4.045230015631937422e+05 1.226703370136768712e+02
7.795801321990530823e+02 1.268069673959639622e+06 1.710935382838902115e+03 7.704509631077767153e+03 3.139486619303234038e+05 4.225170977502516471e+05 1.242374077345162959e+02
8.321705428451706439e+02 1.149784458355532726e+06 1.753069172480116777e+03 7.898360747434737277e+03 3.297023006520253839e+05 4.413116113411753904e+05 1.258244970626175245e+02
8.883086982037215193e+02 1.042532817149256472e+06 1.796274290802630958e+03 8.097220924813764213e+03 3.462464483506641118e+05 4.609421466780495830e+05 1.274318607307702393e+02
9.482339288368740426e+02 9.452855497539174976e+05 1.840578676417363567e+03 8.301213108536072468e+03 3.636207724986633984e+05 4.814458918630770640e+05 1.290597577385828743e+02
1.012201710526543366e+03 8.571094578284432646e+05 1.886011008804181984e+03 8.510475233048373411e+03 3.818669310727290576e+05 5.028616892077387311e+05 1.307084503942155891e+02
1.080484753429567945e+03 7.771583903978563612e+05 1.932600728132324775e+03 8.725152848821915541e+03 4.010286724369769217e+05 5.252301088156957412e+05 1.323782043566486948e+02
1.153374164707203136e+03 7.046651242580515100e+05 1.980378055613141669e+03 8.945378104092797003e+03 4.211519402381724212e+05 5.485935254388139583e+05 1.340692886784885332e+02
1.231180689585503842e+03 6.389340017530004261e+05 2.029374014399441421e+03 9.171301995551628352e+03 4.422849835646011052e+05 5.729961987519236282e+05 1.357819758493220661e+02
1.314236036137536530e+03 5.793342552796301898e+05 2.079620451046139806e+03 9.403078928390143119e+03 4.644784726326891687e+05 5.984843571983706206e+05 1.375165418396240682e+02
1.402894289435288783e+03 5.252939544649496675e+05 2.131150057547361939e+03 9.640853171973751159e+03 4.877856202787617804e+05 6.251062855652088765e+05 1.392732661452256764e+02
1.497533421100148644e+03 4.762945179348089732e+05 2.183996393965479456e+03 9.884792241369710609e+03 5.122623095472356654e+05 6.529124164539290359e+05 1.410524318323508055e+02
1.598556900687535517e+03 4.318657370111490600e+05 2.238193911667965949e+03 1.013505541061324402e+04 5.379672276811682386e+05 6.819554258200097829e+05 1.428543255832282739e+02
1.706395415775393985e+03 3.915812635867804638e+05 2.293777977188542991e+03 1.039180240413762294e+04 5.649620068364263279e+05 7.122903327622795478e+05 1.446792377422858920e+02
1.821508708089732636e+03 3.550545188807165832e+05 2.350784896729290722e+03 1.065522118209855216e+04 5.933113718568756012e+05 7.439746037511286559e+05 1.465274623629352106e+02
1.944387533495019852e+03 3.219349838156629121e+05 2.409251941321061167e+03 1.092547120443192034e+04 6.230832954648960149e+05 7.770682614930272102e+05 1.483992972549532112e+02
2.075555754205376616e+03 2.919048354210967664e+05 2.469217372659822104e+03 1.120273946893236462e+04 6.543491612393403193e+05 8.116339986375768203e+05 1.502950440324707131e+02
2.215572572136162762e+03 2.646758969857019838e+05 2.530720469637261431e+03 1.148721474738529287e+04 6.871839347716916818e+05 8.477372965425003786e+05 1.522150081625715075e+02
2.365034912917270049e+03 2.399868726935001032e+05 2.593801555584170274e+03 1.177907530913661867e+04 7.216663434108165093e+05 8.854465493215670576e+05 1.541594990145142674e+02
2.524579970731758294e+03 2.176008402078263753e+05 2.658502026245922025e+03 1.207853611333159097e+04 7.578790650272752391e+05 9.248331934104434913e+05 1.561288299095824641e+02
2.694887924829087751e+03 1.973029771424580831e+05 2.724864378509631479e+03 1.238577850658020907e+04 7.959089262497967575e+05 9.659718428959188750e+05 1.581233181715710430e+02
2.876684839294114227e+03 1.788984996034980577e+05 2.792932239903405844e+03 1.270101965782598381e+04 8.358471106492293766e+05 1.008940430864877533e+06 1.601432851779183011e+02
3.070745758434254640e+03 1.622107930205791199e+05 2.862750398888229938e+03 1.302446762919526918e+04 8.777893773691221140e+05 1.053820357040781761e+06 1.621890564114899860e+02
3.277898010981202333e+03 1.470797173310951912e+05 2.934365100292847274e+03 1.335633542698859128e+04 9.218362907271608710e+05 1.100696641987359384e+06 1.642609615130266434e+02
3.499024737193841702e+03 1.333600702542107610e+05 3.007826168154897459e+03 1.369685725572525371e+04 9.680934613379628863e+05 1.149658088171610143e+06 1.663593343342589890e+02
3.735068653899202673e+03 1.209201939083810576e+05 3.083179088069859063e+03 1.404624381330247525e+04 1.016671799335378921e+06 1.200797448191253701e+06 1.684845129917035251e+02
3.987036073522777315e+03 1.096407114016074047e+05 3.160473603219100823e+03 1.440475473035333198e+04 1.067687780301441671e+06 1.254211600485302275e+06 1.706368399211439737e+02
4.256001194242283418e+03 9.941338127083270228e+04 3.239760781535550905e+03 1.477260519672392547e+04 1.121263724539594725e+06 1.310001732860638993e+06 1.728166619328093248e+02
4.543110679554843955e+03 9.014005877774352848e+04 3.321093051213898889e+03 1.515006520380938491e+04 1.177528090361802606e+06 1.368273534182253294e+06 1.750243302672567154e+02
4.849588546781385958e+03 8.173175409361366474e+04 3.404524237175393864e+03 1.553737046984120934e+04 1.236615782092764275e+06 1.429137394590297248e+06 1.772602006519681481e+02
5.176741385349135271e+03 7.410777833555534016e+04 3.490109598513008677e+03 1.593479694905767428e+04 1.298668473529725801e+06 1.492708614623226225e+06 1.795246333586701155e+02
5.525963927099017383e+03 6.719496925955174083e+04 3.577905866943256569e+03 1.634260104123459496e+04 1.363834947633455042e+06 1.559107623643210391e+06 1.818179932613849701e+02
5.898744992365526741e+03 6.092698918001790298e+04 3.667971286291816341e+03 1.676106696654052939e+04 1.432271453264862299e+06 1.628460207977596670e+06 1.841406498952254935e+02
6.296673837178657777e+03 5.524368837871722644e+04 3.760365653040818415e+03 1.719047041253643692e+04 1.504142079822598957e+06 1.700897749208590481e+06 1.864929775159379517e+02
6.721446928647512323e+03 5.009052789428443793e+04 3.855150357966302636e+03 1.763110689477104825e+04 1.579619150679913815e+06 1.776557473062612815e+06 1.888753551602083007e+02
7.174875177410786819e+03 4.541805615342010424e+04 3.952388428895311790e+03 1.808326979440921059e+04 1.658883636364113307e+06 1.855582709370794473e+06 1.912881667067370017e+02
7.658891657987697727e+03 4.118143442148069153e+04 4.052144574612648739e+03 1.854726924292926560e+04 1.742125588469302049e+06 1.938123163593099918e+06 1.937318009380952333e+02
8.175559849943174413e+03 3.734000651865688269e+04 4.154485229948253618e+03 1.902341450643539793e+04 1.829544595342783257e+06 2.024335200420424109e+06 1.962066516033696644e+02
8.727082435001359045e+03 3.385690867270075978e+04 4.259478602077206233e+03 1.951203396302508554e+04 1.921350260637755739e+06 2.114382139991982840e+06 1.987131174816102828e+02
9.315810687611639878e+03 3.069871576431579524e+04 4.367194718064660265e+03 2.001345072569868353e+04 2.017762705879679881e+06 2.208434567289054859e+06 2.012516024460849451e+02
9.944254499001503063e+03 2.783512057054195611e+04 4.477705473689449718e+03 2.052801538015026017e+04 2.119013098251370713e+06 2.306670655291287228e+06 2.038225155293579860e+02
1.061509307745114893e+04 2.523864292812027270e+04 4.591084683580827004e+03 2.105606260307697812e+04 2.225344204862257931e+06 2.409276502507695928e+06 2.064262709891991392e+02
1.133118637040768954e+04 2.288436602593283897e+04 4.707408132703502815e+03 2.159796950035189366e+04 2.337010974830771796e+06 2.516446485521781724e+06 2.090632883753330589e+02
1.209558725713433341e+04 2.074969729594356249e+04 4.826753629227540841e+03 2.215407976730449445e+04 2.454281150575562380e+06 2.628383627218655311e+06 2.117339925970434251e+02
1.291155456387454615e+04 1.881415160811580427e+04 4.949201058820130129e+03 2.272480171672686265e+04 2.577435909781199880e+06 2.745299981391710695e+06 2.144388139916402167e+02
1.378256695701816352e+04 1.705915468881116612e+04 5.074832440397721257e+03 2.331048968569352655e+04 2.706770539577614050e+06 2.867417034457457718e+06 2.171781883938005251e+02
1.471233777349931370e+04 1.546786487623994253e+04 5.203731983377788310e+03 2.391157493545968828e+04 2.842595144549754914e+06 2.994966125039522070e+06 2.199525572057964382e+02
1.570483085165174089e+04 1.402501150249757666e+04 5.335986146470647327e+03 2.452843808711943711e+04 2.985235390275063924e+06 3.128188882216660306e+06 2.227623674686184643e+02
1.676427743001232739e+04 1.271674835127113147e+04 5.471683698052618638e+03 2.516151814471326725e+04 3.135033284171564039e+06 3.267337683265057392e+06 2.256080719340107805e+02
1.789519418611646688e+04 1.153052078496830291e+04 5.610915778163356663e+03 2.581123724686192509e+04 3.292347995528743602e+06 3.412676131761965342e+06 2.284901291374220023e+02
1.910240249218907411e+04 1.045494526619332828e+04 5.753775962171018364e+03 2.647803545053070047e+04 3.457556716687499080e+06 3.564479556956483051e+06 2.314090034718916229e+02
2.039104896982292848e+04 9.479700117432937986e+03 5.900360326150035689e+03 2.716238247488827983e+04 3.631055567433944903e+06 3.723035535353463143e+06 2.343651652628792306e+02
2.176662743127384965e+04 8.595426470658368999e+03 6.050767514017829853e+03 2.786471818206961689e+04 3.813260544775552582e+06 3.888644435498594772e+06 2.373590908440485236e+02
2.323500230091387493e+04 7.793638456333103022e+03 6.205098806477638391e+03 2.858555869126795005e+04 4.004608520376927685e+06 4.061619986996774562e+06 2.403912626340211887e+02
2.480243361669366641e+04 7.066641769979106357e+03 6.363458191816343970e+03 2.932536205539068396e+04 4.205558288046746515e+06 4.242289874841644429e+06 2.434621692141097355e+02
2.647560371820151340e+04 6.407459834846416925e+03 6.525952438606926989e+03 3.008465074451422333e+04 4.416591663787434809e+06 4.430996360182238743e+06 2.465723054070440128e+02
2.826164573509654656e+04 5.809766852124575053e+03 6.692696192748455360e+03 3.086394408375734201e+04 4.638214641045168042e+06 4.628096928702724166e+06 2.497221723567039646e+02
3.016817399736929656e+04 5.267827096228437767e+03 6.863798315797561372e+03 3.166375452942817356e+04 4.870958603930138052e+06 4.833964967843481340e+06 2.529122776088700277e+02
3.220331649707588804e+04 4.776439872619814196e+03 7.039373621188488869e+03 3.248466972076067759e+04 5.115381601316022687e+06 5.048990474146489985e+06 2.561431351930049232e+02
3.437574953993816598e+04 4.330889609965081945e+03 7.219540788621406136e+03 3.332721122915927845e+04 5.372069684873600490e+06 5.273580792065040208e+06 2.594152657050818789e+02
3.669473473453755287e+04 3.926900607699393277e+03 7.404421672635412506e+03 3.419197268058479676e+04 5.641638314246600494e+06 5.508161385637244210e+06 2.627291963914676103e+02
3.917015847679749277e+04 3.560596004741735669e+03 7.594141387880598813e+03 3.507955339722140343e+04 5.924733832739200443e+06 5.753176644485441037e+06 2.660854612338811194e+02
4.181257409808516240e+04 3.228460575613048150e+03 7.788828396684247309e+03 3.599053724064573180e+04 6.222035017053180374e+06 6.009090725668127649e+06 2.694846010354349346e+02
4.463324685662084084e+04 2.927306996937523763e+03 7.988614598973816101e+03 3.692558079215620091e+04 6.534254704790691845e+06 6.276388432979351841e+06 2.729271635077753331e+02
4.764420196400405985e+04 2.654245260610196965e+03 8.193635424619347759e+03 3.788530317707780341e+04 6.862141503624873236e+06 6.555576135361330584e+06 2.764137033593374326e+02
5.085827585160508897e+04 2.406654940110027837e+03 8.404029928261215900e+03 3.887035378715908155e+04 7.206481586236375384e+06 6.847182726170076057e+06 2.799447823847267500e+02
5.428917089538296568e+04 2.182160043817223141e+03 8.619940886689511899e+03 3.988144920405483572e+04 7.568100575319539756e+06 7.151760625111272559e+06 2.835209695552425728e+02
5.795151383243519376e+04 1.978606214019063600e+03 8.841514898844221534e+03 4.091924207064160873e+04 7.947865523177878931e+06 7.469886824744513258e+06 2.871428411105576970e+02
6.186091811832295207e+04 1.794040052798380657e+03 9.068902488506637383e+03 4.198445362911991106e+04 8.346686990655390546e+06 7.802163983538335189e+06 2.908109806515695368e+02
6.603405049101634359e+04 1.626690376408999327e+03 9.302258209754370910e+03 4.307784207640086970e+04 8.765521230388293043e+06 8.149221567546796985e+06 2.945259792344376706e+02
7.048870202523769694e+04 1.474951218248748319e+03 9.541740755254733813e+03 4.420012414346614969e+04 9.205372479611998424e+06 8.511717042870299891e+06 2.982884354658205552e+02
7.524386398012515565e+04 1.337366417320639130e+03 9.787513067472731564e+03 4.535208345531974192e+04 9.667295368020882830e+06 8.890337121159864590e+06 3.020989555993339195e+02
8.031980876357303350e+04 1.212615644287789564e+03 1.003974245287175108e+04 4.653453256937043625e+04 1.015239744645392522e+07 9.285799060523977503e+06 3.059581536332343603e+02
8.573817635842009622e+04 1.099501731023012553e+03 1.029860069918878435e+04 4.774825304087178665e+04 1.066184184246957488e+07 9.698852024302847683e+06 3.098666514093569049e+02
9.152206657894107047e+04 9.969714773286204945e+02 1.056426419586533848e+04 4.899409102745684504e+04 1.119630599802294932e+07 1.013027850028385594e+07 3.138250787133122799e+02
9.769613755095354281e+04 9.049109103005176848e+02 1.083691405772060534e+04 5.027292783184858126e+04 1.173985865182337165e+07 1.058089578304691985e+07 3.178340733759679893e+02
1.042867108353844960e+05 8.213547410161193056e+02 1.111673625195311979e+04 5.158561034213426319e+04 1.230972056458159350e+07 1.105155752224780247e+07 3.218942813762216701e+02
1.113218836434639816e+05 7.455170506500422789e+02 1.140392172856115212e+04 5.293304710839779000e+04 1.290716064750191942e+07 1.154315533977253921e+07 3.260063569450901468e+02
1.188316486219463259e+05 6.766845749662571734e+02 1.169866655427363912e+04 5.431620435621250363e+04 1.353350875049212947e+07 1.205662051882645115e+07 3.301709626711266878e+02
1.268480217190324038e+05 6.142099855728016564e+02 1.200117205008645760e+04 5.573599456011557049e+04 1.419015857339414954e+07 1.259292576815766841e+07 3.343887696071873847e+02
1.354051786761163385e+05 5.575057926789751264e+02 1.231164493250087435e+04 5.719339684207031678e+04 1.487857071538503468e+07 1.315308706475708075e+07 3.386604573785571688e+02
1.445396007272543502e+05 5.060388118483487006e+02 1.263029745856436239e+04 5.868945455956247315e+04 1.560027586905172840e+07 1.373816557852586918e+07 3.429867142924622385e+02
1.542902301275060163e+05 4.593251425633664553e+02 1.295734757481531233e+04 6.022517166984634969e+04 1.635687816594493017e+07 1.434926968255619518e+07 3.473682374489750373e+02
1.646986361732076621e+05 4.169256112468779634e+02 1.329301907023827698e+04 6.180159967284152663e+04 1.715005868073522300e+07 1.498755705283409543e+07 3.518057328533437840e+02
1.758091924219563371e+05 3.784416357686206993e+02 1.363754173333608560e+04 6.341984552314561006e+04 1.798157910142414644e+07 1.565423686134137772e+07 3.562999155297495122e+02
1.876692658678406442e+05 3.435114724414205511e+02 1.399115151343090838e+04 6.508103812291527720e+04 1.885328557341077551e+07 1.635057206671190448e+07 3.608515096365235877e+02
2.003294188784167345e+05 3.118068101207061318e+02 1.435409068630813272e+04 6.678629679552021844e+04 1.976711272557512671e+07 1.707788180678097904e+07 3.654612485828280342e+02
2.138436247543355566e+05 2.830296792955510341e+02 1.472660802431907905e+04 6.853680024992779363e+04 2.072508788691953942e+07 1.783754389756103233e+07 3.701298751468359569e+02
2.282694978306048433e+05 2.569096470310875020e+02 1.510895897106416669e+04 7.033379738396628818e+04 2.172933550270405412e+07 1.863099744337699562e+07 3.748581415954147928e+02
2.436685391004628036e+05 2.332012713186091162e+02 1.550140582077827457e+04 7.217850273520011979e+04 2.278208175942660868e+07 1.945974556310644001e+07 3.796468098053422295e+02
2.601063984090180020e+05 2.116817908366369352e+02 1.590421790254668849e+04 7.407218322665858432e+04 2.388565942843118683e+07 2.032535823768887296e+07 3.844966513860687201e+02
2.776531543344501406e+05 1.921490283466567917e+02 1.631767176948006454e+04 7.601615111163743131e+04 2.504251293837992474e+07 2.122947528429852799e+07 3.894084478040484214e+02
2.963836129499734379e+05 1.744194879621779535e+02 1.674205139298332142e+04 7.801179742998031725e+04 2.625520368729809672e+07 2.217380946281501278e+07 3.943829905086593612e+02
3.163776267402571393e+05 1.583266283582081257e+02 1.717764836225543331e+04 8.006045795929267479e+04 2.752641560539560765e+07 2.316014972047671676e+07 3.994210810597321597e+02
3.377204350319208461e+05 1.437192956474651737e+02 1.762476208916003452e+04 8.216355175449288799e+04 2.885896098038539290e+07 2.419036458086343482e+07 4.045235312567062351e+02
3.605030273894428974e+05 1.304603011553097645e+02 1.808370001861319543e+04 8.432253884841594845e+04 3.025578655755994096e+07 2.526640568362856656e+07 4.096911632694369700e+02
3.848225315257264301e+05 1.184251306917051352e+02 1.855477784463553689e+04 8.653895908226203755e+04 3.171997992745174095e+07 2.639031148168653622e+07 4.149248097706757221e+02
4.107826273810797720e+05 1.075007731583937698e+02 1.903831973222225133e+04 8.881430344713860541e+04 3.325477621449385211e+07 2.756421110285904631e+07 4.202253140702378573e+02
4.384939891359301982e+05 9.758332528104656944e+01 1.953465854518712877e+04 9.115014977771294070e+04 3.486427900427870452e+07 2.879032838329622149e+07 4.255935302508888753e+02
4.680747570416785311e+05 8.857766541935218640e+01 2.004413608014226702e+04 9.354811830832765554e+04 3.655362557521942258e+07 3.007098608031313121e+07 4.310303233059652825e+02
4.996510410812238115e+05 8.040349301778228153e+01 2.056710330677746606e+04 9.600991445970270433e+04 3.832455516405043006e+07 3.140861027262257040e+07 4.365365692787517560e+02
5.333574586063850438e+05 7.298400499409507347e+01 2.110392061461123012e+04 9.853721369055025571e+04 3.951873086445674300e+07 3.280573495630004257e+07 4.421131554036404054e+02
5.693377082442995161e+05 6.624949517456778381e+01 2.165495806638479553e+04 1.011317625752683089e+05 4.111174529600276798e+07 3.426500684518753737e+07 4.477609802490945867e+02
6.077451825194931589e+05 6.013669827852051242e+01 2.222059565828123959e+04 1.037953626727604278e+05 4.261874433953229338e+07 3.578919038482961804e+07 4.534809538624351148e+02
6.487436218033959158e+05 5.458819456271904613e+01 2.280122358715131486e+04 1.065298808330783941e+05 4.396212665977732837e+07 3.738117298944085091e+07 4.592739979164793453e+02
6.925078123792259721e+05 4.955186951490632907e+01 2.339724252493536915e+04 1.093372331988421502e+05 4.503743194129407406e+07 3.904397051182498038e+07 4.651410458580526210e+02
7.392243315982777858e+05 4.498042350482234752e+01 2.400906390047612877e+04 1.122193379815060907e+05 4.571464948626424372e+07 4.078073295660843700e+07 4.710830430583986299e+02
7.890923433043904370e+05 4.083092677214902011e+01 2.463711018892047650e+04 1.151781983858435124e+05 4.584959707916703820e+07 4.259475044761050493e+07 4.771009469655034536e+02
8.423244469176839339e+05 3.706441555829015044e+01 2.528181520891436958e+04 1.182158714645117871e+05 4.530945944465354085e+07 4.448945946065651625e+07 4.831957272583799750e+02
8.991475837974138558e+05 3.364552557682288381e+01 2.594362442780258425e+04 1.213344944922677241e+05 4.401034318934608251e+07 4.646844933363911510e+07 4.893683660033070169e+02
9.598040047479885397e+05 3.054215936947041499e+01 2.662299527504705111e+04 1.245362371865100722e+05 4.195373383912051469e+07 4.853546906616256386e+07 4.956198578120772140e+02
1.024552302792860311e+06 2.772518441389914656e+01 2.732039746408641440e+04 1.278233022061897354e+05 3.924148441914936900e+07 5.069443442164942622e+07 5.019512100022575396e+02
1.093668515619259095e+06 2.516815913952549266e+01 2.803631332286391626e+04 1.311979768862439378e+05 3.605662213671556860e+07 5.294943534536545724e+07 5.083634427595034708e+02
1.167447302393754246e+06 2.284708427058407665e+01 2.877123813325699302e+04 1.346626100574407610e+05 3.261788850252430514e+07 5.530474371241413057e+07 5.148575893019417435e+02
1.246203199965696316e+06 2.074017715442917975e+01 2.952568047964788639e+04 1.382196258122549625e+05 2.913117766079920530e+07 5.776482142037960887e+07 5.214346960466579048e+02
1.330271963814038550e+06 1.882766694967641996e+01 3.030016260688436523e+04 1.418715269029339834e+05 2.575772374937487021e+07 6.033432884194789082e+07 5.280958227783049779e+02
1.420011999454318779e+06 1.709160874538084229e+01 3.109522078787864666e+04 1.456208193920961639e+05 2.260418331072080508e+07 6.301813365351989865e+07 5.348420428198711534e+02
1.515805890408236766e+06 1.551571486084946194e+01 3.191140570110924455e+04 1.494701150989398884e+05 1.972830890553891659e+07 6.582132005654048175e+07 5.416744432056270853e+02
1.618062029249931453e+06 1.408520173758149951e+01 3.274928281828924810e+04 1.534220960734034597e+05 1.715122709363048524e+07 6.874919840901255608e+07 5.485941248562808141e+02
1.727216358682504157e+06 1.278665098174691295e+01 3.360943280247625808e+04 1.574795164868635184e+05 1.487001241524215415e+07 7.180731528544248641e+07 5.556022027563718666e+02
1.843734230067419820e+06 1.160788324893960421e+01 3.449245191690555657e+04 1.616452273078985163e+05 1.286774399600464292e+07 7.500146398427423835e+07 5.626998061339328387e+02
1.968112387330143712e+06 1.053784378392951915e+01 3.539895244483415445e+04 1.659221371513893828e+05 1.112052119334985316e+07 7.833769550271746516e+07 5.698880786424434746e+02
2.100881084699890111e+06 9.566762503072983037e+00 3.632956312069429259e+04 1.703132019446609193e+05 9.601521910758845508e+06 8.182232999975995719e+07 5.771681785451098676e+02
2.242606347311915364e+06 8.685506205869522489e+00 3.728492957285970624e+04 1.748214842877228803e+05 8.284507357786385342e+06 8.546196876908096671e+07 5.845412789015001636e+02
2.393892384309858084e+06 7.885479654794434801e+00 3.826571477833724930e+04 1.794501291471702571e+05 7.145133615231155418e+06 8.926350674454569817e+07 5.920085677565600690e+02
2.555384164735739119e+06 7.159191235806916964e+00 3.927261725082709745e+04 1.842023660737923637e+05 6.160677983982216567e+06 9.323414556197197735e+07 5.995712483320470483e+02
2.727770167189332191e+06 6.499840623324683264e+00 4.030637153289211710e+04 1.890815114799175062e+05 5.310802980876415037e+06 9.738140720191372931e+07 6.072305392204066266e+02
2.911785314979279879e+06 5.901254961744363037e+00 4.136764539739558677e+04 1.940910184808628983e+05 4.577537161283204332e+06 1.017131482393052280e+08 6.149876745811282035e+02
3.108214109279280528e+06 5.357830941085394372e+00 4.245717609944793367e+04 1.992343382657915645e+05 3.945131706525103655e+06 1.062375747269616723e+08 6.228439043396092529e+02
3.317893973646727391e+06 4.864482222176782500e+00 4.357572070867461298e+04 2.045150611247104534e+05 3.399861315781684592e+06 1.109632577411300987e+08 6.308004943885559896e+02
3.541718824162295554e+06 4.416591717139879414e+00 4.472405664256467571e+04 2.099368749345658580e+05 2.929807979713394307e+06 1.158991496185413748e+08 6.388587267919614305e+02
3.780642880410846788e+06 4.009968276600861969e+00 4.590298221418584581e+04 2.155035667741510551e+05 2.524648372926645912e+06 1.210546009157227278e+08 6.470198999916872253e+02
4.035684733550788369e+06 3.640807376523398808e+00 4.711331719465491187e+04 2.212190255952325242e+05 2.175455220254839864e+06 1.264393781226971596e+08 6.552853290166850684e+02
4.307931688815050758e+06 3.305655435176193091e+00 4.835590339075716474e+04 2.270872449656445533e+05 1.874517090723295230e+06 1.320636821646281034e+08 6.636563456948890689e+02
4.598544400956819765e+06 3.001377424895784074e+00 4.963160523812653264e+04 2.331123496086050291e+05 1.615177817126085982e+06 1.379381677264582217e+08 6.721342988678183019e+02
4.908761822402052581e+06 2.725127474294324337e+00 5.094131041040483979e+04 2.392985501379242924e+05 1.391695020912912674e+06 1.440739634371505380e+08 6.807205546079150054e+02
5.239906485203942284e+06 2.474322184686263970e+00 5.228593044480906974e+04 2.456501485103370505e+05 1.199116383654088248e+06 1.504826929517704248e+08 6.894164964386685597e+02
5.593390139317600057e+06 2.246616410032687305e+00 5.366640138455276610e+04 2.521715856854770391e+05 1.033171961429199786e+06 1.571764969713443816e+08 6.982235255575424162e+02
5.970719771232267842e+06 2.039881272867002604e+00 5.508368443856950034e+04 2.588674221031014167e+05 8.901807625905345194e+05 1.641680562422108650e+08 7.071430610617511547e+02
6.373504028619964607e+06 1.852184209689703875e+00 5.653876665901164961e+04 2.657423409005234716e+05 7.669698734497482656e+05 1.714706155784347057e+08 7.161765401769271193e+02
6.803460078390386887e+06 1.681770858400618796e+00 5.803266163699822937e+04 2.728011512167226174e+05 6.608045473432389554e+05 1.790980089527898729e+08 7.253254184887005067e+02
7.262420927389627323e+06 1.527048617653991691e+00 5.956641021710485802e+04 2.800487915854759049e+05 5.693278295251096133e+05 1.870646857038459778e+08 7.345911701772416791e+02
7.752343236952613108e+06 1.386571723738388551e+00 6.114108123110346060e+04 2.874903334198971279e+05 4.905084514154329663e+05 1.953857379088045061e+08 7.439752882548020807e+02
8.275315664624603465e+06 1.259027704847391460e+00 6.275777225146731507e+04 2.951310052410339122e+05 4.225958815930322744e+05 2.040769289739378393e+08 7.534792848062824078e+02
8.833567768614517525e+06 1.143225085552709297e+00 6.441761036517408502e+04 3.029761567096605431e+05 3.640815622989169206e+05 2.131547234967963398e+08 7.631046912328826011e+02
9.429479512941965833e+06 1.038082221802479888e+00 6.612175296835672634e+04 3.110312575467827264e+05 3.136654852017377270e+05 2.226363184567517340e+08 7.728530584988577630e+02
1.006559141380060650e+07 9.439695819029054746e-01 6.787138858236026135e+04 3.193019474257056718e+05 2.696466818695414695e+05 2.325396757929641604e+08 7.827259573814291116e+02
1.074461537039452232e+07 8.592083995313672951e-01 6.966773769178614020e+04 3.277940177808962180e+05 2.314740339274123835e+05 2.428835564314913452e+08 7.927249787238856698e+02
1.146944622642171755e+07 7.821030945620995878e-01 7.151205360510923492e+04 3.365134158951157588e+05 1.986881634294206160e+05 2.536875558259981871e+08 8.028517336919242098e+02
1.224317411149443313e+07 7.119593764221318066e-01 7.340562333848515118e+04 3.454662490966656478e+05 1.705309123766969424e+05 2.649721410793954730e+08 8.131078540332571265e+02
1.306909761511061341e+07 6.481461109704788059e-01 7.534976852336368756e+04 3.546587890697231633e+05 1.463505905524046393e+05 2.767586897167318463e+08 8.234949923405403069e+02
1.395073784934040159e+07 5.900895615609872413e-01 7.734584633855747234e+04 3.640974762808019877e+05 1.255870533436292899e+05 2.890695301827906966e+08 8.340148223176610145e+02
1.489185346018028073e+07 5.372681562722950721e-01 7.939525046741965343e+04 3.737889245244821068e+05 1.077588673276625050e+05 3.019279841411075592e+08 8.446690390494213716e+02
1.589645665157192387e+07 4.892077331525532258e-01 8.149941208080785873e+04 3.837399255916068796e+05 9.245227203759328404e+04 3.153584106545452476e+08 8.554593592746762170e+02
1.696883029040000215e+07 4.454772197394238908e-01 8.365980084653395170e+04 3.939574540632574935e+05 7.931168695591122378e+04 3.293862523311170936e+08 8.663875216629544411e+02
1.811354616539173946e+07 4.056847071237748570e-01 8.587792596600831894e+04 4.044486856736549526e+05 6.803154777841689065e+04 3.440380835224770308e+08 8.774552870946112080e+02
1.933548447776028886e+07 3.694738824657198273e-01 8.815533723881018523e+04 4.152209837473779917e+05 5.834928611958592955e+04 3.593416606663891077e+08 8.886644389445676779e+02
2.063985464668527618e+07 3.365202921548277049e-01 9.049362615594474482e+04 4.262818793275848730e+05 5.003917161447121180e+04 3.753259748685377836e+08 9.000167833696651769e+02
2.203221751832937077e+07 3.077945015005868479e-01 9.289442702255168115e+04 4.376391287014256814e+05 4.259246221807884285e+04 3.920213068232986331e+08 9.115141495997013408e+02
2.351850907307319343e+07 2.842535700439692281e-01 9.535941811086020607e+04 4.493006969236706500e+05 3.573647602681122953e+04 4.094592841775007844e+08 9.231583902321738151e+02
2.510506573203837126e+07 2.628094226727964999e-01 9.789032284421348595e+04 4.612747634397589136e+05 2.992538262385689450e+04 4.276729414458625317e+08 9.349513815307949471e+02
2.679865137078648061e+07 2.432511381595985067e-01 1.004889110129870242e+05 4.735697278603383456e+05 2.499471478135221696e+04 4.466967825915924907e+08 9.468950237278165787e+02
2.860648615535991266e+07 2.253937742490315366e-01 1.031570000232702732e+05 4.861942158914450556e+05 2.080733901437509121e+04 4.665668463907234073e+08 9.589912413302262166e+02
3.053627732359959185e+07 2.090431851175011124e-01 1.058964561791921733e+05 4.991570854244310176e+05 1.724186341951540453e+04 4.873207747039849758e+08 9.712419834298365231e+02
3.259625204296786711e+07 1.942659774659851457e-01 1.087091959997927333e+05 5.124674327899995842e+05 1.424431323843110295e+04 5.089978837855716348e+08 9.836492240173571417e+02
3.479519248495738208e+07 1.809521402817858282e-01 1.115971875713799818e+05 5.261345991807421669e+05 1.172910773181215336e+04 5.316392387638755441e+08 9.962149623004605701e+02
3.714247326561667770e+07 1.689065660346535935e-01 1.145624519363222789e+05 5.401681772467292612e+05 9.606586141810355912e+03 5.552877314352920055e+08 1.008941223025923591e+03
3.964810141181020439e+07 1.590433427028406232e-01 1.176070645192544180e+05 5.545780178688198794e+05 7.977372475244551424e+03 5.799881615184619427e+08 1.021830056805879053e+03
4.232275902359963953e+07 1.472301732499645965e-01 1.207331565917178668e+05 5.693742371144712670e+05 6.823465108140976554e+03 6.057873215228880644e+08 1.034883540448234498e+03
4.517784881462508440e+07 1.353529589757356821e-01 1.239429167762630677e+05 5.845672233809725149e+05 5.770349212153096232e+03 6.327340853926918507e+08 1.048103777291313691e+03
4.822554272463700920e+07 1.245205396881366999e-01 1.272385925910702936e+05 6.001676447311624652e+05 4.874844825500584193e+03 6.608795010934413671e+08 1.061492897542772198e+03
5.147883381142546237e+07 1.146426823797500466e-01 1.306224920362010016e+05 6.161864564267856767e+05 4.113794449309297306e+03 6.902768873174495697e+08 1.075053058622843537e+03
5.495159164337447286e+07 1.056378457825075529e-01 1.340969852225770592e+05 6.326349086648575030e+05 3.467432789464731286e+03 7.209819344907367229e+08 1.088786445511971124e+03
5.865862142879354209e+07 9.702757581222894168e-02 1.376645060448613076e+05 6.495245545224783709e+05 2.938816642046303514e+03 7.530528102730048895e+08 1.102695271102873221e+03
6.261572713410893083e+07 8.832015741171835022e-02 1.413275811733747250e+05 6.668672581157201203e+05 2.522570464786696448e+03 7.865502697504868507e+08 1.116781776557115109e+03
6.683977886000286788e+07 8.039891375120050698e-02 1.450889085855930462e+05 6.846752029785978375e+05 2.165088082652261619e+03 8.215377705304223299e+08 1.131048231666237143e+03
7.134878476274143159e+07 7.319256988022308785e-02 1.489509724059650325e+05 7.029609006666607456e+05 1.858095859886299195e+03 8.580815929551805258e+08 1.145496935217482587e+03
7.616196782730925083e+07 6.663633288802728316e-02 1.529164794925055176e+05 7.217371995947044343e+05 1.594482394737132836e+03 8.962509656637873650e+08 1.160130215364216383e+03
8.129984781965348125e+07 6.067130094998390150e-02 1.569882095561655588e+05 7.410172941103423946e+05 1.368135573498305121e+03 9.361181967386929989e+08 1.174950430001056247e+03
8.678432876741926372e+07 5.524392635808562935e-02 1.611690171231242712e+05 7.608147338132024743e+05 1.173802431081209079e+03 9.777588106862512827e+08 1.189959967143811809e+03
9.263879234212833643e+07 5.030552759580061289e-02 1.654618335499517561e+05 7.811434331250218675e+05 1.006968630755460367e+03 1.021251691510389209e+09 1.205161245314269991e+03
9.888819754091164470e+07 4.581184597022414096e-02 1.698696690930723853e+05 8.020176811176029732e+05 8.637548205651323769e+02 1.066679232150511503e+09 1.220556713929898706e+03
1.055591870927634090e+08 4.172264272557695691e-02 1.743956150339928281e+05 8.234521516056130640e+05 7.408275067816705359e+02 1.114127490566730738e+09 1.236148853698521862e+03
1.126802010429513007e+08 3.800133293549467356e-02 1.790428458617838332e+05 8.454619135113315424e+05 6.353224142238135528e+02 1.163686352768121481e+09 1.251940177018049098e+03
1.202815979998234659e+08 3.461465281070107147e-02 1.838146215143894369e+05 8.680624415086972294e+05 5.447785867969773790e+02 1.215449703092827559e+09 1.267933228381295066e+03
1.283957845609129816e+08 3.153235736670215172e-02 1.887142896803038602e+05 8.912696269541715737e+05 4.670817255800465091e+02 1.269515602062612772e+09 1.284130584785991232e+03
1.370573534701174796e+08 2.872694567593196344e-02 1.937452881622901186e+05 9.150997891121444991e+05 4.004154717264592591e+02 1.325986472148765564e+09 1.300534856150012274e+03
1.463032310949504673e+08 2.617341118291998184e-02 1.989111473047806649e+05 9.395696866828433704e+05 3.432195220919285816e+02 1.384969291801292181e+09 1.317148685731923933e+03
1.561728348525955975e+08 2.384901479189064852e-02 2.042154924866845540e+05 9.646965296408580616e+05 2.941536209360018006e+02 1.446575798108959198e+09 1.333974750556898016e+03
1.667082412559096217e+08 2.173307864588275296e-02 2.096620466813687526e+05 9.904979913926993031e+05 2.520666047830960110e+02 1.510922698474098206e+09 1.351015761848066859e+03
1.779543652957943976e+08 1.980679870693456690e-02 2.152546330856229470e+05 1.016992221261931350e+06 2.159697925956943152e+02 1.578131891703177929e+09 1.368274465463385695e+03
1.899591519246889353e+08 1.805307441988384873e-02 2.209971778194573999e+05 1.044197857310789404e+06 1.850141124116824471e+02 1.648330698931977034e+09 1.385753642338084546e+03
2.027737804575218260e+08 1.645636340778735066e-02 2.268937126986574731e+05 1.072134039507244946e+06 1.584705940611462722e+02 1.721652104822819233e+09 1.403456108932762845e+03
2.164528827615347207e+08 1.500252299198717373e-02 2.329483780820418906e+05 1.100820423246940365e+06 1.357131563881854390e+02 1.798235009490801334e+09 1.421384717687216380e+03
2.310547761651733220e+08 1.367867809911078002e-02 2.391654257954497007e+05 1.130277193239448592e+06 1.162040657910611401e+02 1.878224491636245728e+09 1.439542357480051351e+03
2.466417120789923668e+08 1.247312883297900521e-02 2.455492221345136350e+05 1.160525077768764459e+06 9.948182794664312212e+01 1.961772083381878614e+09 1.457931954094178309e+03
2.632801413885065913e+08 1.137523347467535306e-02 2.521042509483531176e+05 1.191585363338077674e+06 8.515026781155995650e+01 2.049036057335385084e+09 1.476556470688257832e+03
2.810409977504207492e+08 1.037531244610348860e-02 2.588351168063552468e+05 1.223479909709157189e+06 7.286931285635264999e+01 2.140181726421119213e+09 1.495418908274152955e+03
3.000000000000000000e+08 9.430170522212948103e-03 2.657465482502973173e+05 1.256231165347033180e+06 6.268822475262500404e+01 2.235381757049005985e+09 1.514522306200488174e+03
