# beta LIN-UV NL-A NL-B LIN-NL NL-A+F NL-B+F
1.457369290888046470e-09 1.728671925889466182e-05 1.514331277969898367e-05 1.514055270270121547e-05 6.323045810741281954e-06 1.387116278963869236e-05 1.386758695356742950e-05
1.888364350872601123e-09 3.616888063595534263e-05 2.986111270946262028e-05 2.985901376645986867e-05 7.410080418969727693e-06 2.722614388461704703e-05 2.722244813384794990e-05
2.446819720946366614e-09 7.471295392682628252e-05 5.423330778141015432e-05 5.423497009233667728e-05 8.672899744854683696e-06 4.846692335752668932e-05 4.846625406941270470e-05
3.170429871780588387e-09 1.527880804897895311e-04 9.207333103376888917e-05 9.207538907512880628e-05 1.010775033318400791e-05 7.966370477006626705e-05 7.966291939113087823e-05
4.108036847108200196e-09 3.100922666934352785e-04 1.501978594142569620e-04 1.501853920202868102e-04 1.183223675442379441e-05 1.244782291914446821e-04 1.244607216130747798e-04
5.322926990881757135e-09 6.258934478861602133e-04 2.425777308496612588e-04 2.425521372742032533e-04 1.377518324911707050e-05 1.916645944599385226e-04 1.916236096921526721e-04
6.897102631930518395e-09 1.258424775895114174e-03 3.897421861770126051e-04 3.897535626889984299e-04 1.607273760388232839e-05 2.943888431970164690e-04 2.943547347205375912e-04
8.936817055141082655e-09 2.523498703419148337e-03 6.104271082106092847e-04 6.105642884043923453e-04 1.870461932363107462e-05 4.435480026974798155e-04 4.435774798411229024e-04
1.157974635716066881e-08 5.051378509261465928e-03 9.101986318772007116e-04 9.105380775222429810e-04 2.186074117425781930e-05 6.403597403683787591e-04 6.405048639574306268e-04
1.500428227061415285e-08 1.009980431513428367e-02 1.276333108209857896e-03 1.289162602751502303e-03 2.551856453626200172e-05 8.739301170313359870e-04 8.798046672522466007e-04
1.944157320138981489e-08 2.017860732108158264e-02 1.691773729531942817e-03 1.820902279415529236e-03 2.976251020398905318e-05 1.130772973162360749e-03 1.185978023101848635e-03
2.519112622169618406e-08 4.029605802618700661e-02 2.152419437998281341e-03 2.625947230065570331e-03 3.468795874129868066e-05 1.405715912354844757e-03 1.586815897010016713e-03
3.264102311802950657e-08 8.044579358544216852e-02 2.664025874606389468e-03 3.842167237691299000e-03 4.040159482273607126e-05 1.699770719262889019e-03 2.093107524133559338e-03
4.229411503143180614e-08 1.605691137416246639e-01 3.236205612253988204e-03 5.541229725799508982e-03 4.702071090852252746e-05 2.016034486128176224e-03 2.686037983856284696e-03
5.480196376883583974e-08 3.204564012724052668e-01 3.881233078674010441e-03 8.254268023869569884e-03 5.467048260435610564e-05 2.358707747671843959e-03 3.423763905447219612e-03
7.100882074702025295e-08 6.395034782711223054e-01 4.613717039465097675e-03 1.199889086676471893e-02 6.347757890587548248e-05 2.732648925583440035e-03 4.245305226637943220e-03
9.200861204812928122e-08 1.276130980920027413e+00 5.450372668547211717e-03 1.809749013320794894e-02 7.400654781544458707e-05 3.143137300650601044e-03 5.243228643581205640e-03
1.192187759487387688e-07 2.546435490212025421e+00 6.410145167464963677e-03 2.645447442834395618e-02 8.603599035146484270e-05 3.595746829193047917e-03 6.320425269016517571e-03
1.544759367881863051e-07 5.081114175460178295e+00 7.514114636394620718e-03 4.024318966079751259e-02 9.960423745763942504e-05 4.096226878452405989e-03 7.612375518714172527e-03
2.001598729452495666e-07 1.013855290884470328e+01 8.785470413106996612e-03 5.907609000741044503e-02 1.146128343203074821e-04 4.650373771891817137e-03 8.983574124943726619e-03
2.593541464803881792e-07 2.022946548372067355e+01 1.024916750159815190e-02 9.043353358225007799e-02 1.315454101025870638e-04 5.263883091617992289e-03 1.061942208292840362e-02
3.360542365800249832e-07 4.036306207702688198e+01 1.193077294005873666e-02 1.332888493390167184e-01 1.510122651272678338e-04 5.941865354165846123e-03 1.234315920806519813e-02
4.354372253382243642e-07 8.053307863747376416e+01 1.385563553876787042e-02 2.051271249591779811e-01 1.704048781459041411e-04 6.688808055174941952e-03 1.439460529190059179e-02
5.642112390542656313e-07 1.606770082869005023e+02 1.604584979902632866e-02 3.038009202088972627e-01 1.915170105979200461e-04 7.507616666833390531e-03 1.655730045352631769e-02
7.310682315410322725e-07 3.205683969274476226e+02 1.851712191739811678e-02 4.325811933981094093e-01 2.114554073352158917e-04 8.399234189034664871e-03 1.881136623698622876e-02
9.472706712904173528e-07 6.395478674268841814e+02 2.127464841445657340e-02 6.445531986178817396e-01 2.306103737989922639e-04 9.362005374052979195e-03 2.150192435840342711e-02
1.227411732548570605e-06 1.275875077571625070e+03 2.430901816456602221e-02 9.237591707616962244e-01 2.482861635092751987e-04 1.039142325478457050e-02 2.431628324515894626e-02
1.590400301474135778e-06 2.545205382205966544e+03 2.759327492360494349e-02 1.328557499407789777e+00 2.621041912342029351e-04 1.148042025571636808e-02 2.745305603613843598e-02
2.060737283060740156e-06 5.077071764791582609e+03 3.108282649516654061e-02 1.837019241656461910e+00 2.720932986033289106e-04 1.262026309660501701e-02 3.069862604119516850e-02
2.670169356645850850e-06 1.012686568184782300e+04 3.471882966124913150e-02 2.439883920261640693e+00 2.798125267284935010e-04 1.380202553185956062e-02 3.400170514538051331e-02
3.459831804751390286e-06 2.019773701347283713e+04 3.843456801813535662e-02 3.244398261485518464e+00 2.831142140189200993e-04 1.501803815569861637e-02 3.758388464490643177e-02
4.483025051342061156e-06 4.028004321102317044e+04 4.216254146570905248e-02 4.134888636386616412e+00 2.860691652051503562e-04 1.626282696876896541e-02 4.112165432035474327e-02
5.808812319535461706e-06 8.032100715518140350e+04 4.584365229078424253e-02 5.045494290683137706e+00 2.849406046158592430e-04 1.753492346694363394e-02 4.452494027324167131e-02
7.526681242498453275e-06 1.601442759594422532e+05 4.943011784248903251e-02 6.145239274664331397e+00 2.852592896244917622e-04 1.883391316098501425e-02 4.806278986559232164e-02
9.752584075690794711e-06 3.192465079820351675e+05 5.288763635686483805e-02 7.157605561394821514e+00 2.831443699534102305e-04 2.016172271161638038e-02 5.133575962766007833e-02
1.263676421108080923e-05 6.362983645825670101e+05 5.619588316630236280e-02 8.313743717713920844e+00 2.809661820202878461e-04 2.151997252550926637e-02 5.465986553611086596e-02
1.637389726528881598e-05 1.267945347473294940e+06 5.934470054391924321e-02 9.233783647902658487e+00 2.811353203962266506e-04 2.290884187093612107e-02 5.761337204609967566e-02
2.121623124210390032e-05 2.525967703622824047e+06 6.232937300146738219e-02 1.022812652996646321e+01 2.783044266461647920e-04 2.432485389145804672e-02 6.055826418586363058e-02
2.749061270053626478e-05 5.030624009313041344e+06 6.515053880705680422e-02 1.082796189768090933e+01 2.779737729035151590e-04 2.576164165343297965e-02 6.301196731918266847e-02
3.562054815612688841e-05 1.001516874982472882e+07 6.780930572287818814e-02 1.194699296558562196e+01 2.738876870999949580e-04 2.720886170354227043e-02 6.593229222949005541e-02
4.615478981005772011e-05 1.993004085942962393e+07 7.030506859661948826e-02 1.260322200237614076e+01 2.752358132254812350e-04 2.865216984588371887e-02 6.831056413451667975e-02
5.980437507793359513e-05 3.964036498252850771e+07 7.263855907752700403e-02 1.327411483229737499e+01 2.711035032956329491e-04 3.007600022485327693e-02 7.062161575536439473e-02
7.749062000240731617e-05 7.879645514220371842e+07 7.480790808328362240e-02 1.396095281574018188e+01 2.704678304753978528e-04 3.146323659908688980e-02 7.285326098625025115e-02
1.004073059961313496e-04 1.565194656585534811e+08 7.681246492422973138e-02 1.404624999663664831e+01 2.700574109113157493e-04 3.279791986591763103e-02 7.444870688003983605e-02
1.301012573791199224e-04 3.106473240979943871e+08 7.865277246201819727e-02 1.474822517372279407e+01 2.705260363667091146e-04 3.406557189793019830e-02 7.650935879277083462e-02
1.685767485115091018e-04 6.159422431898375750e+08 8.032843598321681711e-02 1.546168845101347955e+01 2.682172611641854489e-04 3.525402996171214665e-02 7.843502689201568845e-02
2.184307877663405029e-04 1.219860367180005074e+09 8.184374414973531742e-02 1.552642722891888383e+01 2.677740696562571905e-04 3.635492028005574833e-02 7.972250525396019916e-02
2.830284097036471491e-04 2.412626597052479744e+09 8.320394903223167493e-02 1.557401566812214000e+01 2.696122648872574935e-04 3.736341633764746900e-02 8.086616432675468313e-02
3.667298072699598011e-04 4.764064749277791977e+09 8.441659564072569177e-02 1.630218690975801366e+01 2.698050788110142699e-04 3.827781128083294210e-02 8.246611656755460651e-02
4.751846349314692406e-04 9.389748752273845673e+09 8.548907193198100607e-02 1.634328653955238053e+01 2.685914441090130099e-04 3.909834069616395513e-02 8.340092594279098492e-02
6.157133475347309655e-04 1.846636894798144531e+10 8.643189153299463134e-02 1.637510786045461231e+01 2.661985847511001767e-04 3.982849813496049801e-02 8.421875004408356513e-02
7.978013144029758768e-04 3.622441943441487885e+10 8.725838555556444942e-02 1.640056431748444155e+01 2.671088393151940105e-04 4.047417894532946703e-02 8.493398568542843974e-02
1.033739060248670735e-03 7.084854175015840149e+10 8.797765973238536041e-02 1.642056434846394808e+01 2.671920291226450228e-04 4.104086799172042971e-02 8.555483310658165697e-02
1.339451847711597282e-03 1.380893561114323730e+11 8.859966192653316586e-02 1.716037250744612308e+01 2.665739173719708518e-04 4.153445106404494991e-02 8.667468675123222999e-02
1.735574596461917545e-03 2.680708276552339172e+11 8.913456057369398278e-02 1.717941779015754378e+01 2.653669063943147536e-04 4.196172721513089648e-02 8.715328027368578201e-02
2.248844693469354700e-03 5.179955578786777954e+11 8.959560124959801974e-02 1.719522528120588234e+01 2.679925237842929481e-04 4.233163314534531957e-02 8.756561686937536226e-02
2.913906705972141818e-03 9.955894682572551270e+11 8.999190111509650092e-02 1.720838968726136997e+01 2.658631075625974725e-04 4.265059348686461166e-02 8.791977504722946202e-02
3.775650811177336860e-03 1.901793636886626221e+12 9.032818068343252682e-02 1.721886171535330945e+01 2.677263692887981404e-04 4.292271932942060692e-02 8.821985289420916643e-02
4.892242781392730673e-03 3.607312998607770508e+12 9.061672734056698542e-02 1.722778702689521779e+01 2.649488084413907478e-04 4.315645908735676883e-02 8.847734761274789195e-02
6.339050041713494357e-03 6.787423847794991211e+12 9.086142580479868169e-02 1.723504977905410840e+01 2.662628428961717709e-04 4.335530672240426459e-02 8.869546621290425037e-02
8.213728800251491810e-03 1.265444482842664062e+13 9.106901814945535245e-02 1.724103181743293334e+01 2.673748733545825199e-04 4.352440685381030877e-02 8.888041875757357602e-02
1.064281562065792774e-02 2.334889718811971875e+13 9.124561067989354901e-02 1.724607593090403057e+01 2.639643679247037742e-04 4.366838030136004078e-02 8.903773654778383839e-02
1.379026835313241009e-02 4.257896812142257031e+13 9.139545886293594379e-02 1.725032995465725350e+01 2.647438143444767354e-04 4.379063376728073442e-02 8.917122523834837555e-02
1.786853291738686386e-02 7.663089365466268750e+13 9.152188224041360454e-02 1.725381081198682054e+01 2.654018925530420166e-04 4.389399308738425876e-02 8.928376143843586021e-02
2.315288292031051146e-02 1.359019154875402031e+14 9.162872588787869532e-02 1.725670963967840876e+01 2.659571972931740820e-04 4.398144803821763676e-02 8.937885311810325750e-02
2.999999999999999889e-02 2.371147159293775938e+14 9.171900778435125579e-02 1.725913677177302930e+01 2.664255631991358040e-04 4.405540491995003222e-02 8.945919987795013240e-02
