kappa(k) for sudden top hats at t = 7R; k in 1/R; linear template delta0 = 0.01
     kR      0.1      0.3        1        3       10       30      100   e_lin
  0.050   0.9796   0.9403   0.8455   0.7136   0.5581   0.4280   0.3051   1.750e+01
  0.069   0.9791   0.9390   0.8421   0.7077   0.5497   0.4184   0.2954   1.749e+01
  0.096   0.9782   0.9364   0.8358   0.6967   0.5344   0.4009   0.2777   1.747e+01
  0.133   0.9766   0.9319   0.8245   0.6771   0.5070   0.3698   0.2466   1.744e+01
  0.184   0.9740   0.9242   0.8055   0.6444   0.4619   0.3192   0.1962   1.738e+01
  0.254   0.9700   0.9129   0.7779   0.5975   0.3992   0.2507   0.1291   1.726e+01
  0.352   0.9659   0.9014   0.7506   0.5542   0.3463   0.1971   0.0775   1.705e+01
  0.487   0.9665   0.9035   0.7591   0.5765   0.3876   0.2465   0.1159   1.667e+01
  0.675   0.9788   0.9392   0.8500   0.7348   0.5886   0.4277   0.2341   1.598e+01
  0.934   0.9932   0.9801   0.9454   0.8724   0.6979   0.4504   0.1993   1.470e+01
  1.293   0.9887   0.9664   0.9050   0.7796   0.5295   0.2562   0.0714   1.244e+01
  1.790   0.9862   0.9550   0.8466   0.5985   0.2168   0.0305   0.0164   8.915e+00
  2.478   0.9581   0.8682   0.6077   0.2217   0.0080   0.0358   0.0058   4.445e+00
  3.431   0.8540   0.5880   0.1208   0.0616   0.1267   0.0197   0.0095   8.442e-01
  4.749   1.8408   3.8088   7.1997   2.3003   1.1497   0.2497   0.1244   2.029e-02
  6.575   0.7589   0.3164   0.0811   0.2874   0.1261   0.0184   0.0077   6.428e-02
  9.103   0.9651   0.5822   0.0797   0.0647   0.0222   0.0149   0.0069   1.961e-02
 12.602   0.7061   0.0571   0.5967   0.2837   0.0904   0.0404   0.0115   4.723e-03
 17.446   7.4324  10.0700   8.6590   0.7285   1.1727   0.3740   0.1833   8.101e-05
 24.152   2.4699   0.0040   0.6551   0.2617   0.3867   0.0448   0.0268   7.640e-05
energy-weighted mean over k^3 e_lin dlnk: 0.9613 0.8725 0.6802 0.4243 0.2034 0.0875 0.0324
