(1) U_f and H tau_sh = d_*/U_f;  Upsilon_sh = 1 - (1 + 2 H tau_sh)^(-1/2)
   M [g]      beta   xi  channel     U_f  H tau_sh    Ups_sh
 1.0e+02  2.87e-05  1.0   NL-A+F   0.135  1.89e-02  1.84e-02
 1.0e+02  2.87e-05  1.0   NL-B+F   0.176  1.45e-02  1.42e-02
 1.0e+02  2.87e-05  1.0   LIN-NL   0.022  1.15e-01  9.85e-02
 1.0e+02  2.87e-05  1.8   NL-A+F   0.108  2.36e-02  2.28e-02
 1.0e+02  2.87e-05  1.8   NL-B+F   0.166  1.53e-02  1.50e-02
 1.0e+04  1.10e-06  1.0   NL-A+F   0.086  5.10e-03  5.06e-03
 1.0e+04  1.10e-06  1.0   NL-B+F   0.132  3.34e-03  3.33e-03
 1.0e+04  1.10e-06  1.0   LIN-NL   0.013  3.28e-02  3.13e-02
 1.0e+04  1.10e-06  1.8   NL-A+F   0.063  6.94e-03  6.87e-03
 1.0e+04  1.10e-06  1.8   NL-B+F   0.121  3.63e-03  3.61e-03
 1.0e+06  4.21e-08  1.0   NL-A+F   0.053  1.34e-03  1.34e-03
 1.0e+06  4.21e-08  1.0   NL-B+F   0.095  7.52e-04  7.51e-04
 1.0e+06  4.21e-08  1.0   LIN-NL   0.008  9.21e-03  9.09e-03
 1.0e+06  4.21e-08  1.8   NL-A+F   0.036  1.98e-03  1.97e-03
 1.0e+06  4.21e-08  1.8   NL-B+F   0.086  8.29e-04  8.28e-04
 1.0e+00  1.00e+00  1.0   NL-A+F   0.386  7.66e-02  6.88e-02
 1.0e+00  1.00e+00  1.0   NL-B+F   0.427  6.94e-02  6.29e-02
 1.0e+00  1.00e+00  1.0   LIN-NL   0.034  8.74e-01  3.97e-01
 1.0e+00  1.00e+00  1.8   NL-A+F   0.335  8.83e-02  7.81e-02
 1.0e+00  1.00e+00  1.8   NL-B+F   0.678  4.37e-02  4.10e-02
 1.0e+01  1.00e+00  1.0   NL-A+F   0.322  4.78e-02  4.47e-02
 1.0e+01  1.00e+00  1.0   NL-B+F   0.379  4.06e-02  3.83e-02
 1.0e+01  1.00e+00  1.0   LIN-NL   0.027  5.66e-01  3.15e-01
 1.0e+01  1.00e+00  1.8   NL-A+F   0.276  5.58e-02  5.15e-02
 1.0e+01  1.00e+00  1.8   NL-B+F   0.621  2.48e-02  2.39e-02
 1.0e+02  1.00e+00  1.0   NL-A+F   0.267  3.00e-02  2.87e-02
 1.0e+02  1.00e+00  1.0   NL-B+F   0.335  2.39e-02  2.30e-02
 1.0e+02  1.00e+00  1.0   LIN-NL   0.022  3.67e-01  2.40e-01
 1.0e+02  1.00e+00  1.8   NL-A+F   0.226  3.54e-02  3.36e-02
 1.0e+02  1.00e+00  1.8   NL-B+F   0.559  1.43e-02  1.40e-02
 1.0e+04  1.00e+00  1.0   NL-A+F   0.183  1.17e-02  1.15e-02
 1.0e+04  1.00e+00  1.0   NL-B+F   0.260  8.26e-03  8.16e-03
 1.0e+04  1.00e+00  1.0   LIN-NL   0.014  1.52e-01  1.24e-01
 1.0e+04  1.00e+00  1.8   NL-A+F   0.150  1.43e-02  1.40e-02
 1.0e+04  1.00e+00  1.8   NL-B+F   0.435  4.93e-03  4.90e-03
 1.0e+06  1.00e+00  1.0   NL-A+F   0.125  4.60e-03  4.57e-03
 1.0e+06  1.00e+00  1.0   NL-B+F   0.201  2.87e-03  2.85e-03
 1.0e+06  1.00e+00  1.0   LIN-NL   0.009  6.28e-02  5.75e-02
 1.0e+06  1.00e+00  1.8   NL-A+F   0.099  5.80e-03  5.75e-03
 1.0e+06  1.00e+00  1.8   NL-B+F   0.332  1.73e-03  1.73e-03

(2) beta_f = 1: integrated Omega h^2 and margin below Delta N_eff, sound for a Hubble time vs shock-limited
   M [g]   xi  channel  I (Ups=1)    margin  I (shock)    margin
 1.0e+00  1.0   NL-A+F   9.99e-10  1.68e+03   8.01e-11  2.10e+04
 1.0e+00  1.0   NL-B+F   1.02e-09  1.65e+03   7.67e-11  2.19e+04
 1.0e+00  1.8   NL-A+F   6.99e-10  2.40e+03   6.21e-11  2.71e+04
 1.0e+00  1.8   NL-B+F   2.23e-09  7.54e+02   1.50e-10  1.12e+04
 1.0e+01  1.0   NL-A+F   2.67e-10  6.30e+03   1.23e-11  1.36e+05
 1.0e+01  1.0   NL-B+F   2.79e-10  6.03e+03   1.14e-11  1.47e+05
 1.0e+01  1.8   NL-A+F   1.81e-10  9.30e+03   9.54e-12  1.76e+05
 1.0e+01  1.8   NL-B+F   7.70e-10  2.18e+03   2.35e-11  7.15e+04
 1.0e+02  1.0   NL-A+F   6.35e-11  2.65e+04   1.83e-12  9.17e+05
 1.0e+02  1.0   NL-B+F   6.90e-11  2.44e+04   1.64e-12  1.02e+06
 1.0e+02  1.8   NL-A+F   4.19e-11  4.01e+04   1.41e-12  1.19e+06
 1.0e+02  1.8   NL-B+F   2.28e-10  7.36e+03   3.58e-12  4.69e+05
 1.0e+04  1.0   NL-A+F   3.36e-12  5.01e+05   3.88e-14  4.34e+07
 1.0e+04  1.0   NL-B+F   3.96e-12  4.25e+05   3.26e-14  5.16e+07
 1.0e+04  1.8   NL-A+F   2.10e-12  7.99e+05   2.94e-14  5.72e+07
 1.0e+04  1.8   NL-B+F   1.53e-11  1.10e+05   7.66e-14  2.19e+07
 1.0e+06  1.0   NL-A+F   1.77e-13  9.47e+06   8.50e-16  1.98e+09
 1.0e+06  1.0   NL-B+F   2.23e-13  7.54e+06   6.84e-16  2.45e+09
 1.0e+06  1.8   NL-A+F   1.04e-13  1.61e+07   6.26e-16  2.68e+09
 1.0e+06  1.8   NL-B+F   8.97e-13  1.87e+06   1.74e-15  9.66e+08

(3) plane grid (plane_spectra.npz): H tau_sh of NL-A+F from 3.4e-06 to 8.6e-02 (Upsilon_sh 3.4e-06 to 7.6e-02); NL-B+F from 3.4e-06 to 7.5e-02
